Supplemental results for CODEML (seqf: /Users/YY/Desktop/get/branch_site/modify/modify_trim_muscle_psbN.fa  treef: /Users/YY/Desktop/get/branch_site/16gene_topu.tree)


dN/dS (w) for site classes (K=4)

site class             0        1       2a       2b
proportion       1.00000  0.00000  0.00000  0.00000
background w     0.10725  1.00000  0.10725  1.00000
foreground w     0.10725  1.00000  2.56339  2.56339
(note that p[2] is zero)


Naive Empirical Bayes (NEB) probabilities for 4 classes
(amino acids refer to 1st sequence: NC_008325)

   1 M   1.00000 0.00000 0.00000 0.00000 ( 1)
   2 E   1.00000 0.00000 0.00000 0.00000 ( 1)
   3 T   1.00000 0.00000 0.00000 0.00000 ( 1)
   4 A   1.00000 0.00000 0.00000 0.00000 ( 1)
   5 T   1.00000 0.00000 0.00000 0.00000 ( 1)
   6 L   1.00000 0.00000 0.00000 0.00000 ( 1)
   7 V   1.00000 0.00000 0.00000 0.00000 ( 1)
   8 A   1.00000 0.00000 0.00000 0.00000 ( 1)
   9 I   1.00000 0.00000 0.00000 0.00000 ( 1)
  10 F   1.00000 0.00000 0.00000 0.00000 ( 1)
  11 I   1.00000 0.00000 0.00000 0.00000 ( 1)
  12 S   1.00000 0.00000 0.00000 0.00000 ( 1)
  13 G   1.00000 0.00000 0.00000 0.00000 ( 1)
  14 L   1.00000 0.00000 0.00000 0.00000 ( 1)
  15 L   1.00000 0.00000 0.00000 0.00000 ( 1)
  16 V   1.00000 0.00000 0.00000 0.00000 ( 1)
  17 S   1.00000 0.00000 0.00000 0.00000 ( 1)
  18 F   1.00000 0.00000 0.00000 0.00000 ( 1)
  19 T   1.00000 0.00000 0.00000 0.00000 ( 1)
  20 G   1.00000 0.00000 0.00000 0.00000 ( 1)
  21 Y   1.00000 0.00000 0.00000 0.00000 ( 1)
  22 A   1.00000 0.00000 0.00000 0.00000 ( 1)
  23 L   1.00000 0.00000 0.00000 0.00000 ( 1)
  24 Y   1.00000 0.00000 0.00000 0.00000 ( 1)
  25 T   1.00000 0.00000 0.00000 0.00000 ( 1)
  26 A   1.00000 0.00000 0.00000 0.00000 ( 1)
  27 F   1.00000 0.00000 0.00000 0.00000 ( 1)
  28 G   1.00000 0.00000 0.00000 0.00000 ( 1)
  29 Q   1.00000 0.00000 0.00000 0.00000 ( 1)
  30 P   1.00000 0.00000 0.00000 0.00000 ( 1)
  31 S   1.00000 0.00000 0.00000 0.00000 ( 1)
  32 Q   1.00000 0.00000 0.00000 0.00000 ( 1)
  33 Q   1.00000 0.00000 0.00000 0.00000 ( 1)
  34 L   1.00000 0.00000 0.00000 0.00000 ( 1)
  35 R   1.00000 0.00000 0.00000 0.00000 ( 1)
  36 D   1.00000 0.00000 0.00000 0.00000 ( 1)
  37 P   1.00000 0.00000 0.00000 0.00000 ( 1)
  38 F   1.00000 0.00000 0.00000 0.00000 ( 1)
  39 E   1.00000 0.00000 0.00000 0.00000 ( 1)
  40 E   1.00000 0.00000 0.00000 0.00000 ( 1)
  41 H   1.00000 0.00000 0.00000 0.00000 ( 1)
  42 G   1.00000 0.00000 0.00000 0.00000 ( 1)
  43 D   1.00000 0.00000 0.00000 0.00000 ( 1)


lnL =  -198.368594

Bayes Empirical Bayes (BEB) probabilities for 4 classes (class)
(amino acids refer to 1st sequence: NC_008325)

   1 M   0.55075 0.12388 0.26170 0.06367 ( 1)
   2 E   0.55679 0.11784 0.26480 0.06057 ( 1)
   3 T   0.55243 0.12220 0.26256 0.06281 ( 1)
   4 A   0.55465 0.11998 0.26370 0.06167 ( 1)
   5 T   0.54856 0.12606 0.26058 0.06480 ( 1)
   6 L   0.54938 0.12524 0.26100 0.06438 ( 1)
   7 V   0.55060 0.12402 0.26163 0.06375 ( 1)
   8 A   0.55029 0.12434 0.26147 0.06391 ( 1)
   9 I   0.55032 0.12431 0.26148 0.06389 ( 1)
  10 F   0.55576 0.11886 0.26428 0.06110 ( 1)
  11 I   0.55470 0.11993 0.26373 0.06164 ( 1)
  12 S   0.55123 0.12340 0.26195 0.06343 ( 1)
  13 G   0.55141 0.12322 0.26204 0.06334 ( 1)
  14 L   0.55122 0.12341 0.26194 0.06343 ( 1)
  15 L   0.55183 0.12280 0.26225 0.06312 ( 1)
  16 V   0.55504 0.11958 0.26391 0.06147 ( 1)
  17 S   0.54931 0.12531 0.26097 0.06441 ( 1)
  18 F   0.55576 0.11886 0.26428 0.06110 ( 1)
  19 T   0.54783 0.12679 0.26021 0.06517 ( 1)
  20 G   0.54269 0.13193 0.25757 0.06781 ( 1)
  21 Y   0.54774 0.12688 0.26016 0.06522 ( 1)
  22 A   0.55029 0.12434 0.26147 0.06391 ( 1)
  23 L   0.55122 0.12341 0.26194 0.06343 ( 1)
  24 Y   0.31953 0.35510 0.14469 0.18069 ( 2)
  25 T   0.54856 0.12606 0.26058 0.06480 ( 1)
  26 A   0.55334 0.12128 0.26303 0.06234 ( 1)
  27 F   0.55576 0.11886 0.26428 0.06110 ( 1)
  28 G   0.54269 0.13193 0.25757 0.06781 ( 1)
  29 Q   0.55146 0.12316 0.26207 0.06331 ( 1)
  30 P   0.55092 0.12370 0.26179 0.06358 ( 1)
  31 S   0.55123 0.12340 0.26195 0.06343 ( 1)
  32 Q   0.55146 0.12316 0.26207 0.06331 ( 1)
  33 Q   0.55146 0.12316 0.26207 0.06331 ( 1)
  34 L   0.54938 0.12524 0.26100 0.06438 ( 1)
  35 R   0.54825 0.12637 0.26042 0.06496 ( 1)
  36 D   0.55674 0.11789 0.26478 0.06060 ( 1)
  37 P   0.54756 0.12706 0.26007 0.06531 ( 1)
  38 F   0.55300 0.12163 0.26286 0.06252 ( 1)
  39 E   0.54845 0.12617 0.26052 0.06485 ( 1)
  40 E   0.55679 0.11784 0.26480 0.06057 ( 1)
  41 H   0.55269 0.12194 0.26270 0.06268 ( 1)
  42 G   0.54269 0.13193 0.25757 0.06781 ( 1)
  43 D   0.55394 0.12069 0.26334 0.06203 ( 1)

