Supplemental results for CODEML (seqf: /Users/YY/Desktop/get/branch_site/modify/modify_trim_muscle_petL.fa  treef: /Users/YY/Desktop/get/branch_site/16gene_topu.tree)


dN/dS (w) for site classes (K=4)

site class             0        1       2a       2b
proportion       0.79542  0.07022  0.12347  0.01090
background w     0.00000  1.00000  0.00000  1.00000
foreground w     0.00000  1.00000  1.00000  1.00000

Naive Empirical Bayes (NEB) probabilities for 4 classes
(amino acids refer to 1st sequence: NC_029391)

   1 M   0.83560 0.03004 0.12970 0.00466 ( 1)
   2 P   0.83000 0.03564 0.12883 0.00553 ( 1)
   3 T   0.83782 0.02781 0.13005 0.00432 ( 1)
   4 I   0.83264 0.03299 0.12924 0.00512 ( 1)
   5 T   0.83782 0.02781 0.13005 0.00432 ( 1)
   6 S   0.82146 0.04417 0.12751 0.00686 ( 1)
   7 Y   0.81205 0.05359 0.12605 0.00832 ( 1)
   8 F   0.82701 0.03862 0.12837 0.00600 ( 1)
   9 G   0.81790 0.04773 0.12696 0.00741 ( 1)
  10 F   0.83431 0.03132 0.12950 0.00486 ( 1)
  11 L   0.00001 0.86562 0.00000 0.13436 ( 2)
  12 L   0.81190 0.05374 0.12602 0.00834 ( 1)
  13 A   0.81334 0.05230 0.12625 0.00812 ( 1)
  14 A   0.83353 0.03210 0.12938 0.00498 ( 1)
  15 L   0.81381 0.05183 0.12632 0.00805 ( 1)
  16 T   0.81532 0.05031 0.12656 0.00781 ( 1)
  17 V   0.82718 0.03846 0.12840 0.00597 ( 1)
  18 T   0.80799 0.05764 0.12542 0.00895 ( 1)
  19 S   0.81716 0.04848 0.12684 0.00752 ( 1)
  20 A   0.83353 0.03210 0.12938 0.00498 ( 1)
  21 L   0.81148 0.05415 0.12596 0.00841 ( 1)
  22 F   0.83431 0.03132 0.12950 0.00486 ( 1)
  23 I   0.83671 0.02893 0.12987 0.00449 ( 1)
  24 G   0.81790 0.04773 0.12696 0.00741 ( 1)
  25 L   0.80536 0.06028 0.12501 0.00936 ( 1)
  26 S   0.80821 0.05742 0.12545 0.00891 ( 1)
  27 K   0.80706 0.05857 0.12527 0.00909 ( 1)
  28 I   0.83264 0.03299 0.12924 0.00512 ( 1)
  29 R   0.80291 0.06272 0.12463 0.00974 ( 1)
  30 L   0.83173 0.03391 0.12910 0.00526 ( 1)
  31 I   0.80963 0.05600 0.12567 0.00869 ( 1)


lnL =  -157.725413

