Supplemental results for CODEML (seqf: /Users/YY/Desktop/get/branch_site/modify/modify_trim_muscle_petL.fa  treef: /Users/YY/Desktop/get/branch_site/16gene_topu.tree)


dN/dS (w) for site classes (K=4)

site class             0        1       2a       2b
proportion       0.16917  0.01493  0.74972  0.06618
background w     0.00000  1.00000  0.00000  1.00000
foreground w     0.00000  1.00000  6.40366  6.40366

Naive Empirical Bayes (NEB) probabilities for 4 classes
(amino acids refer to 1st sequence: NC_029391)

   1 M   0.17771 0.00639 0.78759 0.02831 ( 3)
   2 P   0.17652 0.00758 0.78231 0.03359 ( 3)
   3 T   0.17819 0.00592 0.78968 0.02622 ( 3)
   4 I   0.17708 0.00702 0.78480 0.03110 ( 3)
   5 T   0.17819 0.00592 0.78968 0.02622 ( 3)
   6 S   0.17471 0.00939 0.77427 0.04163 ( 3)
   7 Y   0.17270 0.01140 0.76539 0.05051 ( 3)
   8 F   0.17589 0.00821 0.77949 0.03640 ( 3)
   9 G   0.17395 0.01015 0.77091 0.04499 ( 3)
  10 F   0.17744 0.00666 0.78638 0.02952 ( 3)
  11 L   0.00000 0.18410 0.00001 0.81589 ( 4)
  12 L   0.17267 0.01143 0.76525 0.05065 ( 3)
  13 A   0.17298 0.01112 0.76661 0.04929 ( 3)
  14 A   0.17727 0.00683 0.78564 0.03026 ( 3)
  15 L   0.17308 0.01102 0.76705 0.04885 ( 3)
  16 T   0.17340 0.01070 0.76848 0.04742 ( 3)
  17 V   0.17592 0.00818 0.77965 0.03625 ( 3)
  18 T   0.17184 0.01226 0.76157 0.05433 ( 3)
  19 S   0.17379 0.01031 0.77021 0.04569 ( 3)
  20 A   0.17727 0.00683 0.78564 0.03026 ( 3)
  21 L   0.17258 0.01152 0.76486 0.05104 ( 3)
  22 F   0.17744 0.00666 0.78638 0.02952 ( 3)
  23 I   0.17795 0.00615 0.78863 0.02726 ( 3)
  24 G   0.17395 0.01015 0.77091 0.04499 ( 3)
  25 L   0.17128 0.01282 0.75909 0.05681 ( 3)
  26 S   0.17189 0.01221 0.76178 0.05412 ( 3)
  27 K   0.17164 0.01246 0.76069 0.05521 ( 3)
  28 I   0.17708 0.00702 0.78480 0.03110 ( 3)
  29 R   0.17076 0.01334 0.75678 0.05912 ( 3)
  30 L   0.17689 0.00721 0.78394 0.03196 ( 3)
  31 I   0.17219 0.01191 0.76312 0.05278 ( 3)


lnL =  -157.725406

Bayes Empirical Bayes (BEB) probabilities for 4 classes (class)
(amino acids refer to 1st sequence: NC_029391)

   1 M   0.64316 0.04292 0.29199 0.02193 ( 1)
   2 P   0.63671 0.04937 0.28871 0.02521 ( 1)
   3 T   0.64575 0.04033 0.29332 0.02060 ( 1)
   4 I   0.63969 0.04639 0.29023 0.02369 ( 1)
   5 T   0.64575 0.04033 0.29332 0.02060 ( 1)
   6 S   0.62734 0.05874 0.28393 0.02999 ( 1)
   7 Y   0.61751 0.06857 0.27892 0.03500 ( 1)
   8 F   0.63337 0.05271 0.28700 0.02692 ( 1)
   9 G   0.62357 0.06251 0.28201 0.03191 ( 1)
  10 F   0.64165 0.04443 0.29122 0.02270 ( 1)
  11 L   0.33556 0.35052 0.14020 0.17372 ( 2)
  12 L   0.61734 0.06874 0.27884 0.03508 ( 1)
  13 A   0.61882 0.06726 0.27959 0.03433 ( 1)
  14 A   0.64075 0.04533 0.29077 0.02315 ( 1)
  15 L   0.61930 0.06678 0.27983 0.03409 ( 1)
  16 T   0.62086 0.06521 0.28063 0.03329 ( 1)
  17 V   0.63356 0.05252 0.28710 0.02682 ( 1)
  18 T   0.61340 0.07268 0.27683 0.03709 ( 1)
  19 S   0.62278 0.06330 0.28161 0.03231 ( 1)
  20 A   0.64075 0.04533 0.29077 0.02315 ( 1)
  21 L   0.61692 0.06916 0.27862 0.03530 ( 1)
  22 F   0.64165 0.04443 0.29122 0.02270 ( 1)
  23 I   0.64439 0.04169 0.29262 0.02130 ( 1)
  24 G   0.62357 0.06251 0.28201 0.03191 ( 1)
  25 L   0.61077 0.07531 0.27549 0.03843 ( 1)
  26 S   0.61361 0.07247 0.27694 0.03698 ( 1)
  27 K   0.61247 0.07361 0.27636 0.03756 ( 1)
  28 I   0.63969 0.04639 0.29023 0.02369 ( 1)
  29 R   0.60836 0.07771 0.27427 0.03965 ( 1)
  30 L   0.63866 0.04742 0.28970 0.02422 ( 1)
  31 I   0.61504 0.07104 0.27767 0.03625 ( 1)

