Supplemental results for CODEML (seqf: /Users/YY/Desktop/get/branch_site/modify/modify_trim_muscle_psbT.fa  treef: /Users/YY/Desktop/get/branch_site/16gene_topu.tree)


dN/dS (w) for site classes (K=4)

site class             0        1       2a       2b
proportion       1.00000  0.00000  0.00000  0.00000
background w     0.00000  1.00000  0.00000  1.00000
foreground w     0.00000  1.00000  2.57247  2.57247
(note that p[2] is zero)


Naive Empirical Bayes (NEB) probabilities for 4 classes
(amino acids refer to 1st sequence: MF594405)

   1 M   1.00000 0.00000 0.00000 0.00000 ( 1)
   2 E   1.00000 0.00000 0.00000 0.00000 ( 1)
   3 A   1.00000 0.00000 0.00000 0.00000 ( 1)
   4 L   1.00000 0.00000 0.00000 0.00000 ( 1)
   5 V   1.00000 0.00000 0.00000 0.00000 ( 1)
   6 Y   1.00000 0.00000 0.00000 0.00000 ( 1)
   7 T   1.00000 0.00000 0.00000 0.00000 ( 1)
   8 F   1.00000 0.00000 0.00000 0.00000 ( 1)
   9 L   1.00000 0.00000 0.00000 0.00000 ( 1)
  10 L   1.00000 0.00000 0.00000 0.00000 ( 1)
  11 V   1.00000 0.00000 0.00000 0.00000 ( 1)
  12 S   1.00000 0.00000 0.00000 0.00000 ( 1)
  13 T   1.00000 0.00000 0.00000 0.00000 ( 1)
  14 L   1.00000 0.00000 0.00000 0.00000 ( 1)
  15 G   1.00000 0.00000 0.00000 0.00000 ( 1)
  16 I   1.00000 0.00000 0.00000 0.00000 ( 1)
  17 I   1.00000 0.00000 0.00000 0.00000 ( 1)
  18 F   1.00000 0.00000 0.00000 0.00000 ( 1)
  19 F   1.00000 0.00000 0.00000 0.00000 ( 1)
  20 A   1.00000 0.00000 0.00000 0.00000 ( 1)
  21 I   1.00000 0.00000 0.00000 0.00000 ( 1)
  22 F   1.00000 0.00000 0.00000 0.00000 ( 1)
  23 F   1.00000 0.00000 0.00000 0.00000 ( 1)
  24 R   1.00000 0.00000 0.00000 0.00000 ( 1)
  25 E   1.00000 0.00000 0.00000 0.00000 ( 1)
  26 P   1.00000 0.00000 0.00000 0.00000 ( 1)
  27 P   1.00000 0.00000 0.00000 0.00000 ( 1)
  28 K   1.00000 0.00000 0.00000 0.00000 ( 1)
  29 V   1.00000 0.00000 0.00000 0.00000 ( 1)
  30 P   1.00000 0.00000 0.00000 0.00000 ( 1)
  31 T   1.00000 0.00000 0.00000 0.00000 ( 1)
  32 K   1.00000 0.00000 0.00000 0.00000 ( 1)
  33 K   1.00000 0.00000 0.00000 0.00000 ( 1)


lnL =  -139.938193

Bayes Empirical Bayes (BEB) probabilities for 4 classes (class)
(amino acids refer to 1st sequence: MF594405)

   1 M   0.57335 0.10631 0.26589 0.05444 ( 1)
   2 E   0.55744 0.12222 0.25777 0.06258 ( 1)
   3 A   0.57127 0.10840 0.26483 0.05550 ( 1)
   4 L   0.55446 0.12520 0.25625 0.06409 ( 1)
   5 V   0.57246 0.10721 0.26544 0.05490 ( 1)
   6 Y   0.55387 0.12579 0.25595 0.06440 ( 1)
   7 T   0.57298 0.10669 0.26570 0.05463 ( 1)
   8 F   0.55591 0.12374 0.25699 0.06335 ( 1)
   9 L   0.55713 0.12252 0.25761 0.06273 ( 1)
  10 L   0.55712 0.12253 0.25761 0.06273 ( 1)
  11 V   0.55956 0.12009 0.25885 0.06149 ( 1)
  12 S   0.55523 0.12443 0.25664 0.06370 ( 1)
  13 T   0.57265 0.10702 0.26553 0.05480 ( 1)
  14 L   0.55360 0.12606 0.25581 0.06454 ( 1)
  15 G   0.55616 0.12350 0.25712 0.06323 ( 1)
  16 I   0.57550 0.10417 0.26699 0.05334 ( 1)
  17 I   0.57032 0.10934 0.26434 0.05599 ( 1)
  18 F   0.56460 0.11506 0.26142 0.05892 ( 1)
  19 F   0.55591 0.12374 0.25699 0.06335 ( 1)
  20 A   0.57096 0.10871 0.26467 0.05567 ( 1)
  21 I   0.55864 0.12102 0.25838 0.06196 ( 1)
  22 F   0.56460 0.11506 0.26142 0.05892 ( 1)
  23 F   0.56460 0.11506 0.26142 0.05892 ( 1)
  24 R   0.55750 0.12215 0.25780 0.06254 ( 1)
  25 E   0.55744 0.12222 0.25777 0.06258 ( 1)
  26 P   0.55623 0.12342 0.25715 0.06319 ( 1)
  27 P   0.56356 0.11610 0.26089 0.05945 ( 1)
  28 K   0.55619 0.12347 0.25713 0.06321 ( 1)
  29 V   0.57246 0.10721 0.26544 0.05490 ( 1)
  30 P   0.56524 0.11442 0.26175 0.05859 ( 1)
  31 T   0.57265 0.10702 0.26553 0.05480 ( 1)
  32 K   0.55619 0.12347 0.25713 0.06321 ( 1)
  33 K   0.55126 0.12839 0.25462 0.06573 ( 1)

