Supplemental results for CODEML (seqf: /Users/YY/Desktop/get/branch_site/modify/modify_trim_muscle_psaI.fa  treef: /Users/YY/Desktop/get/branch_site/16gene_topu.tree)


dN/dS (w) for site classes (K=4)

site class             0        1       2a       2b
proportion       0.48256  0.35333  0.09474  0.06937
background w     0.00000  1.00000  0.00000  1.00000
foreground w     0.00000  1.00000  2.19910  2.19910

Naive Empirical Bayes (NEB) probabilities for 4 classes
(amino acids refer to 1st sequence: NC_034643)

   1 M   0.58697 0.24892 0.11524 0.04887 ( 1)
   2 T   0.00000 0.83589 0.00000 0.16411 ( 2)
   3 T   0.58425 0.25165 0.11470 0.04941 ( 1)
   4 F   0.00000 0.83589 0.00000 0.16411 ( 2)
   5 D   0.50747 0.32842 0.09963 0.06448 ( 1)
   6 F   0.60381 0.23208 0.11854 0.04556 ( 1)
   7 P   0.50662 0.32927 0.09947 0.06465 ( 1)
   8 S   0.57942 0.25648 0.11376 0.05035 ( 1)
   9 V   0.59463 0.24126 0.11674 0.04737 ( 1)
  10 L   0.53918 0.29671 0.10586 0.05825 ( 1)
  11 V   0.53628 0.29961 0.10529 0.05882 ( 1)
  12 P   0.57045 0.26544 0.11200 0.05211 ( 1)
  13 L   0.55225 0.28364 0.10842 0.05569 ( 1)
  14 V   0.55694 0.27895 0.10934 0.05477 ( 1)
  15 G   0.49784 0.33805 0.09774 0.06637 ( 1)
  16 L   0.54853 0.28736 0.10769 0.05642 ( 1)
  17 V   0.00000 0.83589 0.00000 0.16411 ( 2)
  18 F   0.60381 0.23208 0.11854 0.04556 ( 1)
  19 P   0.52450 0.31139 0.10297 0.06114 ( 1)
  20 A   0.55555 0.28034 0.10907 0.05504 ( 1)
  21 M   0.58697 0.24892 0.11524 0.04887 ( 1)
  22 A   0.55555 0.28034 0.10907 0.05504 ( 1)
  23 M   0.58697 0.24892 0.11524 0.04887 ( 1)
  24 A   0.58842 0.24747 0.11552 0.04859 ( 1)
  25 S   0.57942 0.25648 0.11376 0.05035 ( 1)
  26 L   0.55225 0.28364 0.10842 0.05569 ( 1)
  27 F   0.00000 0.83589 0.00000 0.16411 ( 2)
  28 L   0.58991 0.24598 0.11582 0.04829 ( 1)
  29 H   0.53747 0.29842 0.10552 0.05859 ( 1)
  30 V   0.59463 0.24126 0.11674 0.04737 ( 1)
  31 Q   0.51040 0.32549 0.10021 0.06390 ( 1)
  32 K   0.00000 0.83589 0.00000 0.16411 ( 2)
  33 N   0.54843 0.28746 0.10767 0.05644 ( 1)
  34 K   0.51499 0.32090 0.10111 0.06300 ( 1)
  35 T   0.58425 0.25165 0.11470 0.04941 ( 1)
  36 V   0.59463 0.24126 0.11674 0.04737 ( 1)


lnL =  -190.425844

Bayes Empirical Bayes (BEB) probabilities for 4 classes (class)
(amino acids refer to 1st sequence: NC_034643)

   1 M   0.46987 0.19365 0.23658 0.09990 ( 1)
   2 T   0.27960 0.38392 0.13809 0.19839 ( 2)
   3 T   0.46864 0.19488 0.23595 0.10053 ( 1)
   4 F   0.16822 0.49530 0.08086 0.25562 ( 2)
   5 D   0.43605 0.22746 0.21903 0.11745 ( 1)
   6 F   0.47719 0.18633 0.24039 0.09609 ( 1)
   7 P   0.43570 0.22782 0.21884 0.11764 ( 1)
   8 S   0.46653 0.19699 0.23485 0.10163 ( 1)
   9 V   0.47308 0.19044 0.23825 0.09823 ( 1)
  10 L   0.44936 0.21416 0.22593 0.11055 ( 1)
  11 V   0.44811 0.21540 0.22529 0.11119 ( 1)
  12 P   0.46270 0.20082 0.23286 0.10362 ( 1)
  13 L   0.45489 0.20863 0.22880 0.10768 ( 1)
  14 V   0.45685 0.20666 0.22983 0.10666 ( 1)
  15 G   0.43203 0.23148 0.21694 0.11954 ( 1)
  16 L   0.45321 0.21031 0.22793 0.10855 ( 1)
  17 V   0.28238 0.38114 0.13953 0.19695 ( 2)
  18 F   0.47719 0.18633 0.24039 0.09609 ( 1)
  19 P   0.44318 0.22033 0.22273 0.11375 ( 1)
  20 A   0.45629 0.20723 0.22953 0.10695 ( 1)
  21 M   0.46987 0.19365 0.23658 0.09990 ( 1)
  22 A   0.45629 0.20723 0.22953 0.10695 ( 1)
  23 M   0.46987 0.19365 0.23658 0.09990 ( 1)
  24 A   0.47044 0.19308 0.23688 0.09960 ( 1)
  25 S   0.46653 0.19699 0.23485 0.10163 ( 1)
  26 L   0.45489 0.20863 0.22880 0.10768 ( 1)
  27 F   0.29697 0.36655 0.14705 0.18943 ( 2)
  28 L   0.47112 0.19240 0.23723 0.09925 ( 1)
  29 H   0.44865 0.21486 0.22557 0.11091 ( 1)
  30 V   0.47308 0.19044 0.23825 0.09823 ( 1)
  31 Q   0.43728 0.22624 0.21967 0.11682 ( 1)
  32 K   0.26986 0.39366 0.13307 0.20342 ( 2)
  33 N   0.45329 0.21023 0.22798 0.10851 ( 1)
  34 K   0.43920 0.22432 0.22066 0.11582 ( 1)
  35 T   0.46864 0.19488 0.23595 0.10053 ( 1)
  36 V   0.47308 0.19044 0.23825 0.09823 ( 1)

