Supplemental results for CODEML (seqf: /Users/YY/Desktop/get/branch_site/modify/modify_trim_muscle_petG.fa  treef: /Users/YY/Desktop/get/branch_site/16gene_topu.tree)


dN/dS (w) for site classes (K=4)

site class             0        1       2a       2b
proportion       1.00000  0.00000  0.00000  0.00000
background w     0.00000  1.00000  0.00000  1.00000
foreground w     0.00000  1.00000  2.57454  2.57454
(note that p[2] is zero)


Naive Empirical Bayes (NEB) probabilities for 4 classes
(amino acids refer to 1st sequence: NC_029850)

   1 M   1.00000 0.00000 0.00000 0.00000 ( 1)
   2 I   1.00000 0.00000 0.00000 0.00000 ( 1)
   3 E   1.00000 0.00000 0.00000 0.00000 ( 1)
   4 V   1.00000 0.00000 0.00000 0.00000 ( 1)
   5 F   1.00000 0.00000 0.00000 0.00000 ( 1)
   6 L   1.00000 0.00000 0.00000 0.00000 ( 1)
   7 F   1.00000 0.00000 0.00000 0.00000 ( 1)
   8 G   1.00000 0.00000 0.00000 0.00000 ( 1)
   9 I   1.00000 0.00000 0.00000 0.00000 ( 1)
  10 V   1.00000 0.00000 0.00000 0.00000 ( 1)
  11 L   1.00000 0.00000 0.00000 0.00000 ( 1)
  12 G   1.00000 0.00000 0.00000 0.00000 ( 1)
  13 L   1.00000 0.00000 0.00000 0.00000 ( 1)
  14 I   1.00000 0.00000 0.00000 0.00000 ( 1)
  15 P   1.00000 0.00000 0.00000 0.00000 ( 1)
  16 V   1.00000 0.00000 0.00000 0.00000 ( 1)
  17 T   1.00000 0.00000 0.00000 0.00000 ( 1)
  18 L   1.00000 0.00000 0.00000 0.00000 ( 1)
  19 A   1.00000 0.00000 0.00000 0.00000 ( 1)
  20 G   1.00000 0.00000 0.00000 0.00000 ( 1)
  21 L   1.00000 0.00000 0.00000 0.00000 ( 1)
  22 F   1.00000 0.00000 0.00000 0.00000 ( 1)
  23 V   1.00000 0.00000 0.00000 0.00000 ( 1)
  24 T   1.00000 0.00000 0.00000 0.00000 ( 1)
  25 A   1.00000 0.00000 0.00000 0.00000 ( 1)
  26 Y   1.00000 0.00000 0.00000 0.00000 ( 1)
  27 L   1.00000 0.00000 0.00000 0.00000 ( 1)
  28 Q   1.00000 0.00000 0.00000 0.00000 ( 1)
  29 Y   1.00000 0.00000 0.00000 0.00000 ( 1)
  30 R   1.00000 0.00000 0.00000 0.00000 ( 1)
  31 R   1.00000 0.00000 0.00000 0.00000 ( 1)
  32 G   1.00000 0.00000 0.00000 0.00000 ( 1)
  33 D   1.00000 0.00000 0.00000 0.00000 ( 1)
  34 Q   1.00000 0.00000 0.00000 0.00000 ( 1)
  35 S   1.00000 0.00000 0.00000 0.00000 ( 1)
  36 D   1.00000 0.00000 0.00000 0.00000 ( 1)
  37 L   1.00000 0.00000 0.00000 0.00000 ( 1)


lnL =  -170.463012

Bayes Empirical Bayes (BEB) probabilities for 4 classes (class)
(amino acids refer to 1st sequence: NC_029850)

   1 M   0.64639 0.05219 0.27526 0.02616 ( 1)
   2 I   0.65583 0.04276 0.27996 0.02145 ( 1)
   3 E   0.64096 0.05762 0.27256 0.02886 ( 1)
   4 V   0.65116 0.04743 0.27763 0.02378 ( 1)
   5 F   0.65302 0.04557 0.27856 0.02285 ( 1)
   6 L   0.63469 0.06388 0.26945 0.03197 ( 1)
   7 F   0.65302 0.04557 0.27856 0.02285 ( 1)
   8 G   0.63927 0.05931 0.27172 0.02970 ( 1)
   9 I   0.63272 0.06585 0.26847 0.03295 ( 1)
  10 V   0.63445 0.06413 0.26933 0.03209 ( 1)
  11 L   0.63874 0.05983 0.27146 0.02996 ( 1)
  12 G   0.64539 0.05319 0.27477 0.02665 ( 1)
  13 L   0.63500 0.06357 0.26960 0.03182 ( 1)
  14 I   0.65583 0.04276 0.27996 0.02145 ( 1)
  15 P   0.64623 0.05235 0.27518 0.02624 ( 1)
  16 V   0.65116 0.04743 0.27763 0.02378 ( 1)
  17 T   0.64741 0.05117 0.27577 0.02565 ( 1)
  18 L   0.63424 0.06434 0.26922 0.03220 ( 1)
  19 A   0.65371 0.04488 0.27890 0.02251 ( 1)
  20 G   0.63927 0.05931 0.27172 0.02970 ( 1)
  21 L   0.63874 0.05983 0.27146 0.02996 ( 1)
  22 F   0.63437 0.06421 0.26929 0.03214 ( 1)
  23 V   0.64471 0.05388 0.27442 0.02699 ( 1)
  24 T   0.64741 0.05117 0.27577 0.02565 ( 1)
  25 A   0.64663 0.05195 0.27538 0.02604 ( 1)
  26 Y   0.64290 0.05568 0.27353 0.02789 ( 1)
  27 L   0.63874 0.05983 0.27146 0.02996 ( 1)
  28 Q   0.63386 0.06471 0.26904 0.03238 ( 1)
  29 Y   0.64162 0.05696 0.27289 0.02853 ( 1)
  30 R   0.63170 0.06687 0.26797 0.03346 ( 1)
  31 R   0.63904 0.05954 0.27161 0.02981 ( 1)
  32 G   0.64539 0.05319 0.27477 0.02665 ( 1)
  33 D   0.64671 0.05187 0.27542 0.02600 ( 1)
  34 Q   0.63263 0.06594 0.26843 0.03300 ( 1)
  35 S   0.63325 0.06532 0.26874 0.03269 ( 1)
  36 D   0.63124 0.06733 0.26774 0.03369 ( 1)
  37 L   0.65248 0.04611 0.27829 0.02312 ( 1)

