Supplemental results for CODEML (seqf: /Users/YY/Desktop/get/branch_site/modify/modify_trim_muscle_psbK.fa  treef: /Users/YY/Desktop/get/branch_site/16gene_topu.tree)


dN/dS (w) for site classes (K=4)

site class             0        1       2a       2b
proportion       0.69112  0.13526  0.14520  0.02842
background w     0.08411  1.00000  0.08411  1.00000
foreground w     0.08411  1.00000  2.57174  2.57174

Naive Empirical Bayes (NEB) probabilities for 4 classes
(amino acids refer to 1st sequence: KM035851)

   1 M   0.75894 0.06745 0.15944 0.01417 ( 1)
   2 L   0.77107 0.05532 0.16199 0.01162 ( 1)
   3 N   0.75208 0.07431 0.15800 0.01561 ( 1)
   4 I   0.74632 0.08007 0.15679 0.01682 ( 1)
   5 F   0.78064 0.04575 0.16400 0.00961 ( 1)
   6 S   0.74970 0.07669 0.15750 0.01611 ( 1)
   7 L   0.40101 0.42538 0.08424 0.08937 ( 2)
   8 I   0.74850 0.07789 0.15725 0.01636 ( 1)
   9 C   0.74314 0.08325 0.15612 0.01749 ( 1)
  10 I   0.76285 0.06354 0.16026 0.01335 ( 1)
  11 C   0.75943 0.06696 0.15954 0.01407 ( 1)
  12 L   0.77107 0.05532 0.16199 0.01162 ( 1)
  13 N   0.37427 0.45212 0.07863 0.09498 ( 2)
  14 Y   0.06069 0.76570 0.01275 0.16086 ( 2)
  15 A   0.72833 0.09806 0.15301 0.02060 ( 1)
  16 F   0.47084 0.35555 0.09892 0.07469 ( 1)
  17 Y   0.75846 0.06793 0.15934 0.01427 ( 1)
  18 S   0.71599 0.11039 0.15042 0.02319 ( 1)
  19 S   0.00462 0.82177 0.00097 0.17264 ( 2)
  20 S   0.74970 0.07669 0.15750 0.01611 ( 1)
  21 L   0.43272 0.39367 0.09091 0.08270 ( 1)
  22 F   0.40077 0.42561 0.08420 0.08941 ( 2)
  23 F   0.76004 0.06635 0.15967 0.01394 ( 1)
  24 A   0.72833 0.09806 0.15301 0.02060 ( 1)
  25 K   0.72197 0.10442 0.15167 0.02194 ( 1)
  26 L   0.75742 0.06897 0.15912 0.01449 ( 1)
  27 P   0.72651 0.09988 0.15263 0.02098 ( 1)
  28 E   0.71718 0.10921 0.15067 0.02294 ( 1)
  29 A   0.72833 0.09806 0.15301 0.02060 ( 1)
  30 Y   0.74181 0.08457 0.15584 0.01777 ( 1)
  31 A   0.75095 0.07544 0.15776 0.01585 ( 1)
  32 F   0.78064 0.04575 0.16400 0.00961 ( 1)
  33 L   0.75514 0.07125 0.15864 0.01497 ( 1)
  34 N   0.75208 0.07431 0.15800 0.01561 ( 1)
  35 P   0.71466 0.11173 0.15014 0.02347 ( 1)
  36 I   0.74805 0.07834 0.15715 0.01646 ( 1)
  37 V   0.72666 0.09973 0.15266 0.02095 ( 1)
  38 D   0.74870 0.07769 0.15729 0.01632 ( 1)
  39 L   0.77107 0.05532 0.16199 0.01162 ( 1)
  40 M   0.75894 0.06745 0.15944 0.01417 ( 1)
  41 P   0.71466 0.11173 0.15014 0.02347 ( 1)
  42 V   0.74308 0.08331 0.15611 0.01750 ( 1)
  43 I   0.73385 0.09254 0.15417 0.01944 ( 1)
  44 P   0.74837 0.07802 0.15722 0.01639 ( 1)
  45 L   0.75742 0.06897 0.15912 0.01449 ( 1)
  46 F   0.40078 0.42561 0.08420 0.08941 ( 2)
  47 F   0.78064 0.04575 0.16400 0.00961 ( 1)
  48 F   0.78064 0.04575 0.16400 0.00961 ( 1)
  49 L   0.74363 0.08276 0.15623 0.01739 ( 1)
  50 L   0.75682 0.06957 0.15900 0.01461 ( 1)
  51 A   0.72833 0.09806 0.15301 0.02060 ( 1)
  52 F   0.76567 0.06072 0.16085 0.01276 ( 1)
  53 V   0.77032 0.05607 0.16183 0.01178 ( 1)
  54 W   0.72607 0.10032 0.15254 0.02108 ( 1)
  55 Q   0.71579 0.11060 0.15038 0.02324 ( 1)
  56 A   0.75095 0.07544 0.15776 0.01585 ( 1)
  57 A   0.75095 0.07544 0.15776 0.01585 ( 1)
  58 V   0.72666 0.09973 0.15266 0.02095 ( 1)
  59 S   0.74970 0.07669 0.15750 0.01611 ( 1)
  60 F   0.78064 0.04575 0.16400 0.00961 ( 1)
  61 R   0.70488 0.12151 0.14808 0.02553 ( 1)


lnL =  -361.016812

Bayes Empirical Bayes (BEB) probabilities for 4 classes (class)
(amino acids refer to 1st sequence: KM035851)

   1 M   0.59797 0.06402 0.30503 0.03298 ( 1)
   2 L   0.60869 0.05330 0.31056 0.02745 ( 1)
   3 N   0.59201 0.06999 0.30195 0.03606 ( 1)
   4 I   0.58704 0.07495 0.29939 0.03862 ( 1)
   5 F   0.61733 0.04467 0.31501 0.02300 ( 1)
   6 S   0.58995 0.07204 0.30089 0.03712 ( 1)
   7 L   0.34042 0.32158 0.17060 0.16741 ( 1)
   8 I   0.58891 0.07308 0.30036 0.03765 ( 1)
   9 C   0.58433 0.07766 0.29799 0.04002 ( 1)
  10 I   0.60139 0.06060 0.30680 0.03121 ( 1)
  11 C   0.59840 0.06360 0.30525 0.03276 ( 1)
  12 L   0.60869 0.05330 0.31056 0.02745 ( 1)
  13 N   0.32446 0.33754 0.16217 0.17583 ( 2)
  14 Y   0.12690 0.53510 0.05901 0.27900 ( 2)
  15 A   0.57186 0.09013 0.29155 0.04646 ( 1)
  16 F   0.38251 0.27949 0.19280 0.14521 ( 1)
  17 Y   0.59755 0.06444 0.30481 0.03319 ( 1)
  18 S   0.56167 0.10032 0.28627 0.05174 ( 1)
  19 S   0.03741 0.62458 0.01590 0.32210 ( 2)
  20 S   0.58995 0.07204 0.30089 0.03712 ( 1)
  21 L   0.35941 0.30258 0.18062 0.15739 ( 1)
  22 F   0.34027 0.32173 0.17052 0.16749 ( 1)
  23 F   0.59891 0.06308 0.30551 0.03249 ( 1)
  24 A   0.57186 0.09013 0.29155 0.04646 ( 1)
  25 K   0.56658 0.09541 0.28882 0.04919 ( 1)
  26 L   0.59664 0.06535 0.30435 0.03366 ( 1)
  27 P   0.57034 0.09165 0.29076 0.04725 ( 1)
  28 E   0.56263 0.09936 0.28677 0.05124 ( 1)
  29 A   0.57186 0.09013 0.29155 0.04646 ( 1)
  30 Y   0.58320 0.07879 0.29741 0.04060 ( 1)
  31 A   0.59103 0.07097 0.30145 0.03656 ( 1)
  32 F   0.61733 0.04467 0.31501 0.02300 ( 1)
  33 L   0.59463 0.06736 0.30331 0.03470 ( 1)
  34 N   0.59201 0.06999 0.30195 0.03606 ( 1)
  35 P   0.56058 0.10141 0.28571 0.05230 ( 1)
  36 I   0.58853 0.07347 0.30016 0.03785 ( 1)
  37 V   0.57046 0.09153 0.29082 0.04719 ( 1)
  38 D   0.58909 0.07290 0.30045 0.03756 ( 1)
  39 L   0.60869 0.05330 0.31056 0.02745 ( 1)
  40 M   0.59797 0.06402 0.30503 0.03298 ( 1)
  41 P   0.56058 0.10141 0.28571 0.05230 ( 1)
  42 V   0.58427 0.07772 0.29796 0.04005 ( 1)
  43 I   0.57647 0.08552 0.29393 0.04408 ( 1)
  44 P   0.58881 0.07318 0.30030 0.03771 ( 1)
  45 L   0.59664 0.06535 0.30435 0.03366 ( 1)
  46 F   0.34027 0.32173 0.17052 0.16749 ( 1)
  47 F   0.61733 0.04467 0.31501 0.02300 ( 1)
  48 F   0.61733 0.04467 0.31501 0.02300 ( 1)
  49 L   0.58475 0.07724 0.29821 0.03980 ( 1)
  50 L   0.59612 0.06587 0.30408 0.03393 ( 1)
  51 A   0.57186 0.09013 0.29155 0.04646 ( 1)
  52 F   0.60386 0.05814 0.30807 0.02994 ( 1)
  53 V   0.60803 0.05397 0.31022 0.02779 ( 1)
  54 W   0.56997 0.09202 0.29057 0.04744 ( 1)
  55 Q   0.56150 0.10049 0.28619 0.05182 ( 1)
  56 A   0.59103 0.07097 0.30145 0.03656 ( 1)
  57 A   0.59103 0.07097 0.30145 0.03656 ( 1)
  58 V   0.57046 0.09153 0.29082 0.04719 ( 1)
  59 S   0.58995 0.07204 0.30089 0.03712 ( 1)
  60 F   0.61733 0.04467 0.31501 0.02300 ( 1)
  61 R   0.55264 0.10935 0.28160 0.05641 ( 1)

