Supplemental results for CODEML (seqf: /Users/YY/Desktop/get/branch_site/modify/modify_trim_muscle_psbL.fa  treef: /Users/YY/Desktop/get/branch_site/16gene_topu.tree)


dN/dS (w) for site classes (K=4)

site class             0        1       2a       2b
proportion       0.00000  0.00000  0.81496  0.18504
background w     0.00000  1.00000  0.00000  1.00000
foreground w     0.00000  1.00000 36.18978 36.18978

Naive Empirical Bayes (NEB) probabilities for 4 classes
(amino acids refer to 1st sequence: NC_015821)

   1 M   0.00000 0.00000 0.84821 0.15179 ( 3)
   2 T   0.00000 0.00000 0.84305 0.15695 ( 3)
   3 Q   0.00000 0.00000 0.81891 0.18109 ( 3)
   4 S   0.00000 0.00000 0.84688 0.15312 ( 3)
   5 N   0.00000 0.00000 0.83167 0.16833 ( 3)
   6 P   0.00000 0.00000 0.82730 0.17270 ( 3)
   7 N   0.00000 0.00000 0.83167 0.16833 ( 3)
   8 E   0.00000 0.00000 0.83588 0.16412 ( 3)
   9 Q   0.00000 0.00000 0.81891 0.18109 ( 3)
  10 N   0.00000 0.00000 0.00000 1.00000 ( 4)
  11 V   0.00000 0.00000 0.85020 0.14980 ( 3)
  12 E   0.00000 0.00000 0.83588 0.16412 ( 3)
  13 L   0.00000 0.00000 0.82067 0.17933 ( 3)
  14 N   0.00000 0.00000 0.83655 0.16345 ( 3)
  15 R   0.00000 0.00000 0.83807 0.16193 ( 3)
  16 T   0.00000 0.00000 0.84257 0.15743 ( 3)
  17 S   0.00000 0.00000 0.83561 0.16439 ( 3)
  18 L   0.00000 0.00000 0.84625 0.15375 ( 3)
  19 Y   0.00000 0.00000 0.83254 0.16746 ( 3)
  20 W   0.00000 0.00000 0.81689 0.18311 ( 3)
  21 G   0.00000 0.00000 0.82519 0.17481 ( 3)
  22 L   0.00000 0.00000 0.82536 0.17464 ( 3)
  23 L   0.00000 0.00000 0.82536 0.17464 ( 3)
  24 L   0.00000 0.00000 0.84625 0.15375 ( 3)
  25 I   0.00000 0.00000 0.84409 0.15591 ( 3)
  26 F   0.00000 0.00000 0.84567 0.15433 ( 3)
  27 V   0.00000 0.00000 0.84290 0.15710 ( 3)
  28 L   0.00000 0.00000 0.85498 0.14502 ( 3)
  29 A   0.00000 0.00000 0.84467 0.15533 ( 3)
  30 V   0.00000 0.00000 0.85020 0.14980 ( 3)
  31 L   0.00000 0.00000 0.82536 0.17464 ( 3)
  32 F   0.00000 0.00000 0.84567 0.15433 ( 3)
  33 S   0.00000 0.00000 0.84724 0.15276 ( 3)
  34 N   0.00000 0.00000 0.83655 0.16345 ( 3)
  35 Y   0.00000 0.00000 0.83764 0.16236 ( 3)
  36 F   0.00000 0.00000 0.83893 0.16107 ( 3)
  37 F   0.00000 0.00000 0.83893 0.16107 ( 3)
  38 N   0.00000 0.00000 0.83655 0.16345 ( 3)


lnL =  -174.216763

Bayes Empirical Bayes (BEB) probabilities for 4 classes (class)
(amino acids refer to 1st sequence: NC_015821)

   1 M   0.43667 0.22760 0.21943 0.11630 ( 1)
   2 T   0.43374 0.23053 0.21791 0.11782 ( 1)
   3 Q   0.42064 0.24363 0.21112 0.12461 ( 1)
   4 S   0.43591 0.22836 0.21904 0.11669 ( 1)
   5 N   0.42741 0.23686 0.21463 0.12110 ( 1)
   6 P   0.42508 0.23919 0.21342 0.12231 ( 1)
   7 N   0.42741 0.23686 0.21463 0.12110 ( 1)
   8 E   0.42972 0.23455 0.21583 0.11990 ( 1)
   9 Q   0.42064 0.24363 0.21112 0.12461 ( 1)
  10 N   0.14754 0.51673 0.07107 0.26466 ( 2)
  11 V   0.43779 0.22648 0.22001 0.11572 ( 1)
  12 E   0.42972 0.23455 0.21583 0.11990 ( 1)
  13 L   0.42156 0.24271 0.21160 0.12414 ( 1)
  14 N   0.43006 0.23420 0.21601 0.11972 ( 1)
  15 R   0.43095 0.23332 0.21647 0.11926 ( 1)
  16 T   0.43346 0.23080 0.21777 0.11796 ( 1)
  17 S   0.42959 0.23468 0.21576 0.11997 ( 1)
  18 L   0.43553 0.22874 0.21884 0.11689 ( 1)
  19 Y   0.42788 0.23639 0.21487 0.12086 ( 1)
  20 W   0.41959 0.24468 0.21058 0.12515 ( 1)
  21 G   0.42395 0.24032 0.21284 0.12289 ( 1)
  22 L   0.42401 0.24026 0.21287 0.12286 ( 1)
  23 L   0.42401 0.24026 0.21287 0.12286 ( 1)
  24 L   0.43553 0.22874 0.21884 0.11689 ( 1)
  25 I   0.43425 0.23002 0.21818 0.11755 ( 1)
  26 F   0.43512 0.22914 0.21863 0.11710 ( 1)
  27 V   0.43363 0.23064 0.21786 0.11788 ( 1)
  28 L   0.44058 0.22368 0.22146 0.11427 ( 1)
  29 A   0.43466 0.22961 0.21839 0.11734 ( 1)
  30 V   0.43779 0.22648 0.22001 0.11572 ( 1)
  31 L   0.42401 0.24026 0.21287 0.12286 ( 1)
  32 F   0.43512 0.22914 0.21863 0.11710 ( 1)
  33 S   0.43611 0.22816 0.21914 0.11659 ( 1)
  34 N   0.43006 0.23420 0.21601 0.11972 ( 1)
  35 Y   0.43066 0.23361 0.21631 0.11942 ( 1)
  36 F   0.43137 0.23290 0.21668 0.11905 ( 1)
  37 F   0.43137 0.23290 0.21668 0.11905 ( 1)
  38 N   0.43006 0.23420 0.21601 0.11972 ( 1)

