Supplemental results for CODEML (seqf: /Users/YY/Desktop/get/branch_site/modify/modify_trim_muscle_psaJ.fa  treef: /Users/YY/Desktop/get/branch_site/16gene_topu.tree)


dN/dS (w) for site classes (K=4)

site class             0        1       2a       2b
proportion       1.00000  0.00000  0.00000  0.00000
background w     0.00000  1.00000  0.00000  1.00000
foreground w     0.00000  1.00000  2.56997  2.56997
(note that p[2] is zero)


Naive Empirical Bayes (NEB) probabilities for 4 classes
(amino acids refer to 1st sequence: NC_033344)

   1 M   1.00000 0.00000 0.00000 0.00000 ( 1)
   2 R   1.00000 0.00000 0.00000 0.00000 ( 1)
   3 D   1.00000 0.00000 0.00000 0.00000 ( 1)
   4 L   1.00000 0.00000 0.00000 0.00000 ( 1)
   5 K   1.00000 0.00000 0.00000 0.00000 ( 1)
   6 T   1.00000 0.00000 0.00000 0.00000 ( 1)
   7 Y   1.00000 0.00000 0.00000 0.00000 ( 1)
   8 L   1.00000 0.00000 0.00000 0.00000 ( 1)
   9 S   1.00000 0.00000 0.00000 0.00000 ( 1)
  10 V   1.00000 0.00000 0.00000 0.00000 ( 1)
  11 A   1.00000 0.00000 0.00000 0.00000 ( 1)
  12 P   1.00000 0.00000 0.00000 0.00000 ( 1)
  13 V   1.00000 0.00000 0.00000 0.00000 ( 1)
  14 L   1.00000 0.00000 0.00000 0.00000 ( 1)
  15 S   1.00000 0.00000 0.00000 0.00000 ( 1)
  16 T   1.00000 0.00000 0.00000 0.00000 ( 1)
  17 L   1.00000 0.00000 0.00000 0.00000 ( 1)
  18 W   1.00000 0.00000 0.00000 0.00000 ( 1)
  19 F   1.00000 0.00000 0.00000 0.00000 ( 1)
  20 G   1.00000 0.00000 0.00000 0.00000 ( 1)
  21 S   1.00000 0.00000 0.00000 0.00000 ( 1)
  22 L   1.00000 0.00000 0.00000 0.00000 ( 1)
  23 A   1.00000 0.00000 0.00000 0.00000 ( 1)
  24 G   1.00000 0.00000 0.00000 0.00000 ( 1)
  25 L   1.00000 0.00000 0.00000 0.00000 ( 1)
  26 L   1.00000 0.00000 0.00000 0.00000 ( 1)
  27 I   1.00000 0.00000 0.00000 0.00000 ( 1)
  28 E   1.00000 0.00000 0.00000 0.00000 ( 1)
  29 I   1.00000 0.00000 0.00000 0.00000 ( 1)
  30 N   1.00000 0.00000 0.00000 0.00000 ( 1)
  31 R   1.00000 0.00000 0.00000 0.00000 ( 1)
  32 F   1.00000 0.00000 0.00000 0.00000 ( 1)
  33 F   1.00000 0.00000 0.00000 0.00000 ( 1)
  34 P   1.00000 0.00000 0.00000 0.00000 ( 1)
  35 D   1.00000 0.00000 0.00000 0.00000 ( 1)
  36 A   1.00000 0.00000 0.00000 0.00000 ( 1)
  37 L   1.00000 0.00000 0.00000 0.00000 ( 1)
  38 T   1.00000 0.00000 0.00000 0.00000 ( 1)
  39 F   1.00000 0.00000 0.00000 0.00000 ( 1)
  40 P   1.00000 0.00000 0.00000 0.00000 ( 1)
  41 F   1.00000 0.00000 0.00000 0.00000 ( 1)
  42 F   1.00000 0.00000 0.00000 0.00000 ( 1)


lnL =  -199.516227

Bayes Empirical Bayes (BEB) probabilities for 4 classes (class)
(amino acids refer to 1st sequence: NC_033344)

   1 M   0.66753 0.03867 0.27470 0.01910 ( 1)
   2 R   0.64956 0.05663 0.26592 0.02789 ( 1)
   3 D   0.65532 0.05087 0.26873 0.02507 ( 1)
   4 L   0.65373 0.05246 0.26795 0.02585 ( 1)
   5 K   0.65408 0.05212 0.26812 0.02568 ( 1)
   6 T   0.66274 0.04347 0.27235 0.02145 ( 1)
   7 Y   0.65664 0.04956 0.26937 0.02443 ( 1)
   8 L   0.66719 0.03901 0.27453 0.01926 ( 1)
   9 S   0.65190 0.05429 0.26706 0.02675 ( 1)
  10 V   0.65643 0.04976 0.26927 0.02453 ( 1)
  11 A   0.66338 0.04283 0.27266 0.02113 ( 1)
  12 P   0.65665 0.04955 0.26937 0.02443 ( 1)
  13 V   0.66427 0.04193 0.27310 0.02069 ( 1)
  14 L   0.65905 0.04715 0.27055 0.02325 ( 1)
  15 S   0.65493 0.05127 0.26853 0.02527 ( 1)
  16 T   0.66261 0.04359 0.27229 0.02151 ( 1)
  17 L   0.65373 0.05246 0.26795 0.02585 ( 1)
  18 W   0.64928 0.05692 0.26578 0.02803 ( 1)
  19 F   0.65608 0.05012 0.26910 0.02471 ( 1)
  20 G   0.64970 0.05649 0.26599 0.02782 ( 1)
  21 S   0.66653 0.03967 0.27421 0.01959 ( 1)
  22 L   0.65905 0.04715 0.27055 0.02325 ( 1)
  23 A   0.66152 0.04468 0.27175 0.02204 ( 1)
  24 G   0.65432 0.05188 0.26824 0.02557 ( 1)
  25 L   0.65405 0.05215 0.26811 0.02570 ( 1)
  26 L   0.65490 0.05130 0.26852 0.02528 ( 1)
  27 I   0.66928 0.03693 0.27556 0.01824 ( 1)
  28 E   0.65004 0.05615 0.26615 0.02765 ( 1)
  29 I   0.66219 0.04402 0.27208 0.02172 ( 1)
  30 N   0.65493 0.05127 0.26853 0.02527 ( 1)
  31 R   0.65519 0.05101 0.26866 0.02514 ( 1)
  32 F   0.66891 0.03730 0.27537 0.01842 ( 1)
  33 F   0.65696 0.04924 0.26953 0.02427 ( 1)
  34 P   0.66472 0.04148 0.27332 0.02047 ( 1)
  35 D   0.65532 0.05087 0.26873 0.02507 ( 1)
  36 A   0.65820 0.04800 0.27013 0.02367 ( 1)
  37 L   0.65454 0.05166 0.26835 0.02546 ( 1)
  38 T   0.66291 0.04329 0.27244 0.02136 ( 1)
  39 F   0.65608 0.05012 0.26910 0.02471 ( 1)
  40 P   0.65458 0.05161 0.26837 0.02544 ( 1)
  41 F   0.66891 0.03730 0.27537 0.01842 ( 1)
  42 F   0.66891 0.03730 0.27537 0.01842 ( 1)

