Supplemental results for CODEML (seqf: /Users/YY/Desktop/get/branch_site/modify/modify_trim_muscle_psbL.fa  treef: /Users/YY/Desktop/get/branch_site/16gene_topu.tree)


dN/dS (w) for site classes (K=4)

site class             0        1       2a       2b
proportion       0.66676  0.15139  0.14820  0.03365
background w     0.00000  1.00000  0.00000  1.00000
foreground w     0.00000  1.00000  1.00000  1.00000

Naive Empirical Bayes (NEB) probabilities for 4 classes
(amino acids refer to 1st sequence: NC_015821)

   1 M   0.69397 0.12419 0.15425 0.02760 ( 1)
   2 T   0.68974 0.12841 0.15331 0.02854 ( 1)
   3 Q   0.66999 0.14816 0.14892 0.03293 ( 1)
   4 S   0.69288 0.12528 0.15400 0.02785 ( 1)
   5 N   0.68043 0.13772 0.15124 0.03061 ( 1)
   6 P   0.67686 0.14129 0.15044 0.03141 ( 1)
   7 N   0.68043 0.13772 0.15124 0.03061 ( 1)
   8 E   0.68387 0.13428 0.15200 0.02985 ( 1)
   9 Q   0.66999 0.14816 0.14892 0.03293 ( 1)
  10 N   0.00000 0.81815 0.00000 0.18185 ( 2)
  11 V   0.69559 0.12256 0.15461 0.02724 ( 1)
  12 E   0.68387 0.13428 0.15200 0.02985 ( 1)
  13 L   0.67143 0.14672 0.14924 0.03261 ( 1)
  14 N   0.68442 0.13373 0.15213 0.02972 ( 1)
  15 R   0.68567 0.13248 0.15240 0.02945 ( 1)
  16 T   0.68935 0.12880 0.15322 0.02863 ( 1)
  17 S   0.68365 0.13450 0.15195 0.02989 ( 1)
  18 L   0.69236 0.12579 0.15389 0.02796 ( 1)
  19 Y   0.68114 0.13701 0.15140 0.03045 ( 1)
  20 W   0.66834 0.14981 0.14855 0.03330 ( 1)
  21 G   0.67513 0.14302 0.15006 0.03179 ( 1)
  22 L   0.67527 0.14288 0.15009 0.03176 ( 1)
  23 L   0.67527 0.14288 0.15009 0.03176 ( 1)
  24 L   0.69236 0.12579 0.15389 0.02796 ( 1)
  25 I   0.69059 0.12756 0.15350 0.02835 ( 1)
  26 F   0.69189 0.12626 0.15378 0.02806 ( 1)
  27 V   0.68962 0.12853 0.15328 0.02857 ( 1)
  28 L   0.69950 0.11865 0.15548 0.02637 ( 1)
  29 A   0.69106 0.12709 0.15360 0.02825 ( 1)
  30 V   0.69559 0.12256 0.15461 0.02724 ( 1)
  31 L   0.67527 0.14288 0.15009 0.03176 ( 1)
  32 F   0.69189 0.12626 0.15378 0.02806 ( 1)
  33 S   0.69317 0.12498 0.15407 0.02778 ( 1)
  34 N   0.68442 0.13373 0.15213 0.02972 ( 1)
  35 Y   0.68532 0.13283 0.15232 0.02952 ( 1)
  36 F   0.68638 0.13178 0.15256 0.02929 ( 1)
  37 F   0.68638 0.13178 0.15256 0.02929 ( 1)
  38 N   0.68442 0.13373 0.15213 0.02972 ( 1)


lnL =  -174.216768

